100
74925 510648 17 9993
0 894755 946 1
834963 352699 529 9916
482707 697560 666 9140
662967 666470 749 705
973961 862511 879 6361
484156 442516 845 9987
848593 992559 393 9993
839980 716439 700 8051
769173 907562 466 5911
537272 352440 830 5579
336021 68035 26 9931
816522 198341 608 9984
88985 434645 141 1450
118708 555690 194 165
640459 336955 414 9916
943451 683557 258 9987
967057 402810 693 9942
24265 94590 771 9959
962161 457458 459 9996
722916 723350 49 5086
692509 945238 825 6149
835747 347438 38 9946
163502 562578 206 9922
581885 724668 236 9980
43045 17386 385 7717
946004 547609 141 7392
492096 341238 750 9986
174627 897981 357 9908
211152 649715 542 4826
0 0 100 199
107679 437391 880 9956
142732 98206 848 1401
78138 410714 359 9938
442622 57019 692 2763
0 349328 383 2531
614454 155945 669 2075
101074 764243 169 7192
777776 922274 323 9976
826811 338434 22 9915
0 0 10 5
166716 517937 587 3799
850670 412447 129 2919
233732 432140 384 3568
751338 812084 534 9999
511645 261833 959 2884
78467 438686 964 9954
381416 471548 808 9912
280727 20030 393 1614
177387 310221 597 9953
385190 281633 313 9913
955352 60547 643 9944
885793 600322 538 6434
64006 758037 296 7574
0 0 168 2692
632310 840342 89 2476
77806 450955 363 5343
773612 287981 885 1138
175771 0 22 1
875734 359139 717 9993
933601 76955 679 9958
577137 709480 627 9932
516952 649091 120 9928
504564 993402 654 5330
119101 379752 35 4980
938470 164878 101 9972
281895 0 537 1
509524 909342 79 9916
393410 253094 668 9903
119996 383113 920 8465
407911 903378 138 3509
285983 949799 359 9836
0 0 1000 10000
795021 366885 397 7831
803065 75377 102 9956
876102 16209 587 8614
270164 557632 346 9964
382620 615078 748 546
910714 324454 715 9977
818485 680454 21 9918
420671 123578 490 1532
383682 505280 341 8866
480780 893604 231 3884
438114 0 465 4915
739599 997074 375 7770
768054 727820 510 9923
815895 270673 148 9923
273889 436302 146 9926
124584 358117 901 9910
737158 814534 845 9935
343251 468335 95 9950
911368 246567 278 9905
59445 122502 258 3008
518241 494844 38 1185
259983 858700 178 2411
739905 822106 171 8729
534759 206160 314 9973
0 0 48 1
502085 995870 845 1831
438178 653448 153 9959
