100
336241 645759 902 9959
901125 649472 371 9952
223661 393317 130 8862
907661 515051 468 9933
395344 934987 418 9912
125252 367872 9 7249
203349 917237 109 4870
825423 212932 607 8859
37564 0 588 1
320923 174400 286 9702
0 0 1000 10000
463522 906972 16 9958
480811 783030 980 9994
98915 937747 650 3446
390651 407058 421 9948
47445 626395 583 7704
352005 324901 996 9926
44460 285865 188 9909
618779 601120 70 8033
592290 83324 901 9921
583414 528578 391 9952
136385 435178 70 3176
872647 422313 48 9910
457309 882282 62 6751
372285 845131 159 8724
158495 83291 962 6813
59191 572324 589 9926
382754 943281 709 1652
553956 859795 721 9945
403961 795492 722 9997
270511 762748 657 9924
963128 24358 505 2719
196935 281240 904 2741
797685 489412 140 9983
293738 960316 796 9947
784193 371184 23 9917
135985 489111 561 4196
666427 276049 967 7063
142968 71907 970 9975
508588 790178 800 9982
592133 0 699 2596
348927 383835 464 9938
214814 974582 184 9929
931713 0 589 1
147637 537856 22 214
989271 356938 728 410
277856 290506 240 9933
784919 849272 351 2818
36748 211546 785 748
139664 344789 991 137
731044 406550 906 9947
341088 371338 231 9968
0 65760 421 696
798329 603692 863 9963
112954 252785 677 9947
0 0 100 199
815122 897152 275 3391
389354 729695 487 9971
974183 242095 348 4752
924211 852703 538 2213
831614 853925 326 9915
431153 852626 61 9951
849532 524272 989 9396
895214 183129 368 9995
98460 518503 421 9366
370786 862567 899 7211
535634 494430 950 9922
665021 171879 18 4208
0 0 74 8231
138120 601174 597 5381
428849 756401 760 9922
576077 953242 679 7225
914593 220968 972 9912
374175 947200 912 9902
951501 585588 406 9969
625088 983402 27 2128
223396 261401 182 9916
242989 743071 698 2060
0 347098 231 1
968539 78799 94 9920
361670 335056 414 8854
210677 906588 975 9926
0 0 10 5
816201 696797 329 2102
984376 946863 162 931
418395 505548 61 4982
747150 146589 680 9119
406409 955791 152 9998
382118 241243 295 9905
693025 743717 286 9861
359024 610821 495 9908
784785 846066 689 1684
158189 573838 404 9936
993026 666054 331 815
962405 163727 329 1073
0 0 114 1
902782 638683 161 3081
797843 223705 83 8448
367745 514097 752 9999
285043 701870 558 9908
