100
804208 578329 982 9934
640389 39140 82 9005
324020 384044 576 9632
855584 998195 952 9914
208536 46109 229 2518
20783 0 152 1
998418 361312 282 5030
732152 691197 660 9923
384236 724599 316 9998
136171 490786 438 9915
830604 984621 422 9668
864168 779577 488 4822
734747 366143 314 6022
982330 134221 445 4334
920253 673142 763 6554
231016 555730 64 1386
197720 246950 302 9956
834197 54264 634 5463
653556 640199 227 8736
318807 54845 928 9993
962140 928856 793 7349
477653 71257 383 8785
542059 216528 857 9902
642589 64067 51 9950
887350 772046 717 3833
998446 13753 749 9927
367209 29530 688 9902
861210 260228 529 7998
464336 851735 130 1681
992474 308763 728 9934
557124 247750 597 9901
72288 134589 98 721
120066 922996 216 505
483596 0 305 1
944116 0 787 4109
43039 422690 53 9927
415251 76160 353 9983
0 0 745 1
73576 30546 332 1897
0 0 10 5
216688 176113 180 8441
158605 129324 110 9991
124449 874683 132 9579
844592 729662 702 9999
490027 72013 402 9950
427280 4106 464 3214
669586 288490 334 8994
256737 959648 672 9934
0 0 1000 10000
669299 757358 330 802
5762 306874 911 9920
904645 875162 299 9948
995666 648968 80 9914
661039 899021 409 9963
725126 924091 610 4586
659511 940139 253 2656
799641 710927 453 8520
468234 882394 999 7909
587530 281207 237 9989
860171 994739 183 594
0 483640 948 1
885319 359893 449 9975
658918 133485 668 4190
389109 488727 910 9939
290141 353418 425 9996
748742 152228 458 9938
877454 544555 778 9923
779447 524189 230 8727
487491 871405 222 8499
0 0 184 2324
867851 942664 205 5217
116969 686190 718 7966
525771 521918 92 4390
0 598283 932 9325
441365 555036 126 8993
507953 238769 593 9921
55003 575509 714 9983
620716 262757 283 9901
344007 231156 946 9984
884763 943627 289 9931
307224 801055 449 3393
863000 218607 721 8378
0 0 100 199
677740 616383 77 9901
504555 920399 3 9968
934180 417912 210 9953
242658 503620 737 9989
240664 751748 106 9957
103816 568216 859 9987
248462 370382 949 9934
909679 290264 11 7865
682903 771323 954 9990
817492 446741 736 1123
538793 348552 947 9959
893259 446183 333 9998
936886 513872 904 9348
225106 147303 782 9996
708190 178828 321 326
981960 205323 308 9904
51107 34077 777 7716
